2 0.7355769230769231 0.3942307692307692 0.19591346153846154 0.7572115384615384
2 0.20673076923076922 0.453125 0.20552884615384615 0.5180288461538461
1 0.9002403846153846 0.671875 0.07211538461538461 0.08052884615384616
1 0.7704326923076923 0.6887019230769231 0.09375 0.09014423076923077
1 0.2668269230769231 0.7019230769230769 0.054086538461538464 0.05048076923076923
1 0.13341346153846154 0.7139423076923077 0.07451923076923077 0.06850961538461539
1 0.8497596153846154 0.7319711538461539 0.08413461538461539 0.19471153846153846
1 0.21153846153846154 0.7620192307692307 0.06370192307692307 0.07451923076923077
1 0.2668269230769231 0.7872596153846154 0.057692307692307696 0.07211538461538461
1 0.9074519230769231 0.7908653846153846 0.11658653846153846 0.12620192307692307
1 0.11658653846153846 0.8064903846153846 0.13581730769230768 0.11658653846153846